                yag          yoko           kk          aig       airiki
yag     0.012371385  0.0097589129  0.011654103  0.009830222  0.011096337
yoko    0.009758913  0.0172226977  0.012254578  0.009784863  0.012065114
kk      0.011654103  0.0122545784  0.016244632  0.012149007  0.013018292
aig     0.009830222  0.0097848634  0.012149007  0.020749064  0.010138970
airiki  0.011096337  0.0120651143  0.013018292  0.010138970  0.036091004
vs2     0.013954945  0.0178800155  0.015657878  0.013412020  0.022196351
vs3     0.010283691  0.0075082710  0.008600255  0.007576482  0.006601990
vs4     0.006171593  0.0068257706  0.007607896  0.009741749  0.003454822
vs5     0.012598815  0.0154978566  0.015833144  0.014106486  0.013169854
X2     -0.005736099 -0.0060117594 -0.008076536 -0.012357649 -0.001203548
X3     -0.003179360  0.0010416195 -0.005500820 -0.010026444  0.003711677
X4     -0.005009938 -0.0041620015 -0.008150805 -0.005652969 -0.004517353
X5     -0.002227620  0.0007456704 -0.002030601 -0.008568268 -0.002943935
aifuri -0.002241104  0.0061067342 -0.003157126 -0.006268772  0.002104716
                 vs2           vs3          vs4           vs5            X2
yag     0.0139549450  0.0102836912  0.006171593  0.0125988149 -0.0057360988
yoko    0.0178800155  0.0075082710  0.006825771  0.0154978566 -0.0060117594
kk      0.0156578781  0.0086002553  0.007607896  0.0158331437 -0.0080765359
aig     0.0134120204  0.0075764822  0.009741749  0.0141064857 -0.0123576492
airiki  0.0221963510  0.0066019900  0.003454822  0.0131698539 -0.0012035480
vs2     0.0367376642  0.0070665612  0.009887427  0.0177178599 -0.0085430884
vs3     0.0070665612  0.0204641030  0.006054982  0.0119356821 -0.0002448342
vs4     0.0098874271  0.0060549821  0.012450021  0.0089450260 -0.0082543603
vs5     0.0177178599  0.0119356821  0.008945026  0.0221683644 -0.0058697199
X2     -0.0085430884 -0.0002448342 -0.008254360 -0.0058697199  0.0221379104
X3     -0.0017179010 -0.0027876580 -0.002625796 -0.0058197709  0.0058290940
X4     -0.0075569534 -0.0002918863 -0.001256504 -0.0063856740  0.0084765911
X5      0.0005324444 -0.0058850544 -0.001297981 -0.0035435182  0.0028081342
aifuri  0.0030235588 -0.0029132858  0.001815524  0.0003782905 -0.0058501312
                 X3            X4            X5        aifuri
yag    -0.003179360 -0.0050099378 -0.0022276204 -0.0022411040
yoko    0.001041619 -0.0041620015  0.0007456704  0.0061067342
kk     -0.005500820 -0.0081508046 -0.0020306010 -0.0031571263
aig    -0.010026444 -0.0056529693 -0.0085682682 -0.0062687716
airiki  0.003711677 -0.0045173530 -0.0029439352  0.0021047164
vs2    -0.001717901 -0.0075569534  0.0005324444  0.0030235588
vs3    -0.002787658 -0.0002918863 -0.0058850544 -0.0029132858
vs4    -0.002625796 -0.0012565036 -0.0012979810  0.0018155237
vs5    -0.005819771 -0.0063856740 -0.0035435182  0.0003782905
X2      0.005829094  0.0084765911  0.0028081342 -0.0058501312
X3      0.021796764  0.0122608422  0.0111420720  0.0144425504
X4      0.012260842  0.0237471943  0.0093184724  0.0007382055
X5      0.011142072  0.0093184724  0.0262871098  0.0100943226
aifuri  0.014442550  0.0007382055  0.0100943226  0.0440541128
